0.16070901322986259 -0.5641129293155208 0.8099068019471978
0.31123627297290346 -0.7401785611562117 0.5960432936271325
-0.3730294769893755 -0.5885625650545938 0.717246936914542
0.9099149707789839 -0.4132562485110465 0.035692108162505676
-0.4683896192224066 0.6262000902477458 0.6232850691469247
0.8156340006033589 0.398152402430463 0.41978037440268645
0.49074438250316527 -0.12529542501593907 0.862247594068986
0.8815730341931023 0.4581494804241829 -0.11370103372703888
0.47810340680159535 -0.8082293111690734 0.3437763409995429
-0.4984618077221835 0.0808323127523026 0.8631349513761151
-0.5376172507381963 0.057328778305656074 0.8412377829374005
0.42971823941150683 -0.3155500971303777 0.8460318110019647
